image_00000 241 271 249 293
image_00001 242 269 249 295
image_00002 241 270 249 295
image_00003 240 260 251 295
image_00004 241 261 251 295
image_00005 239 259 252 295
image_00006 240 260 252 295
image_00007 239 256 252 300
image_00008 239 256 253 299
image_00009 239 257 253 298
image_00010 238 257 253 299
image_00011 238 254 254 300
image_00012 239 254 254 303
image_00013 238 241 255 299
image_00014 237 239 255 302
image_00015 239 242 254 303
image_00016 239 245 258 302
image_00017 240 239 258 301
image_00018 240 244 257 302
image_00019 240 245 258 299
image_00020 239 245 259 300
image_00021 238 242 260 302
image_00022 237 246 259 298
image_00023 238 246 260 301
image_00024 237 244 260 304
image_00025 238 247 260 305
image_00026 238 247 259 306
image_00027 237 246 263 308
image_00028 237 244 259 309
image_00029 238 245 260 303
image_00030 237 238 260 304
image_00031 245 244 259 308
image_00032 243 240 261 304
image_00033 244 246 263 307
image_00034 244 241 264 307
image_00035 244 241 264 304
image_00036 247 240 263 307
image_00037 247 242 264 305
image_00038 247 245 264 308
image_00039 246 246 264 306
image_00040 246 247 263 302
image_00041 247 244 264 308
image_00042 247 242 266 310
image_00043 247 242 264 298
image_00044 245 242 264 304
image_00045 247 237 263 302
image_00046 247 236 264 297
image_00047 250 243 264 282
image_00048 248 239 264 279
image_00049 250 240 264 279
image_00050 249 236 264 279
image_00051 250 238 265 271
image_00052 252 237 264 273
image_00053 253 238 263 267
image_00054 252 236 263 267
image_00055 254 240 262 263
image_00056 256 241 262 259
image_00057 256 240 261 259
image_00058 256 240 261 258
image_00059 256 244 261 263
image_00060 256 242 260 259
image_00061 256 246 261 261
image_00062 255 242 260 259
image_00063 256 247 259 259
